1 10 100
3074768148 280236122 4 1 0 
1842817016 1842817018 14 1 0 
2935248856 2935248855 24 1 0 
1326251709 1326251700 2 1 0 
1400881647 1345915060 23 1 0 
2084332997 2084333007 17 1 0 
2082757624 2082757622 40 1 0 
1842535208 1842535204 4 1 0 
2930877622 2930877624 6 1 0 
2083249915 2083249918 5 1 0 
1399657984 1399657986 29 1 0 
1369893070 1369893145 60 1 0 
26754884 26754882 18 1 0 
2091435977 2091435976 6 1 0 
2092268533 2092268523 5 1 0 
2093708906 265510531 9 1 0 
1842451735 267379348 7 1 0 
1830081384 1830081414 15 1 0 
1326531924 1324081974 88 1 0 
2083102217 2083102220 7 1 0 
1492882486 1357164283 5 1 0 
2083236316 2083236307 12 1 0 
1369893070 1369893145 60 1 0 
1839659767 1839659735 35 1 0 
2091435978 2091435977 13 1 0 
343569412 343569411 5 1 0 
196315264 2528360852 5 1 0 
2083935913 2083935888 11 1 0 
1510334904 1510334908 7 1 0 
1279669221 1279669246 11 1 0 
1842816169 1842816142 10 1 0 
1492882530 1357164236 6 1 0 
2083235358 2083235355 3 1 0 
1830080893 1830080874 38 1 0 
2092268462 2092268468 41 1 0 
2528408410 1357165048 28 1 0 
196228520 280210137 34 1 0 
1337103982 1336999643 7 1 0 
2081527256 2081527257 4 1 0 
1326939373 26754913 40 1 0 
253681722 1336823400 23 1 0 
3074767861 3074766326 2 1 0 
1830081806 1830081786 14 1 0 
1402222966 1534649642 18 1 0 
2084333164 2084333163 3 1 0 
1492882477 1357164302 5 1 0 
3039407839 3039407838 8 1 0 
479302530 2329679198 9 1 0 
2091436291 2091436284 9 1 0 
1828841741 1327364119 6 1 0 
2784566840 2784566839 6 1 0 
1369720275 1369704067 78 1 0 
2935248853 2935218403 24 1 0 
373248174 373248176 7 1 0 
2083935152 2083935149 8 1 0 
2083236792 2083236771 16 1 0 
1828842170 1828842172 4 1 0 
2922046847 1348393886 2 1 0 
1842816381 1842816366 6 1 0 
2935352525 2935352524 4 1 0 
3039407859 3039407858 30 1 0 
2935218459 2935218448 15 1 0 
1369848425 1369848418 6 1 0 
2097174942 2097174944 5 1 0 
2082758184 2082758178 3 1 0 
1336805306 1336805274 6 1 0 
2624233850 2624233843 22 1 0 
2154664884 2154664882 3 1 0 
2083236608 2083236561 43 1 0 
1487882516 1324172808 34 1 0 
2935219239 2935219253 37 1 0 
2083249664 2083249655 35 1 0 
1403250886 1403250904 6 1 0 
2083102745 2083102738 21 1 0 
1325758706 1325758700 32 1 0 
2936058826 2936058834 9 1 0 
977774294 977774224 44 1 0 
1133613480 1840296220 121 1 0 
1399572686 247995007 8 1 0 
3074770425 3074770423 2 1 0 
1842452435 1842452411 13 1 0 
974490941 974491163 52 1 0 
1357164306 1357164307 39 1 0 
2083237392 2083237356 24 1 0 
1830082097 1830082072 35 1 0 
2738164876 2738164864 15 1 0 
1842451497 267379356 59 1 0 
3058948293 3058948292 44 1 0 
2936780922 2154664923 3 1 0 
2875705974 2875705973 14 1 0 
2935218781 2935218786 10 1 0 
2935219025 2935219004 30 1 0 
2154029309 1369751768 6 1 0 
1830081862 1830081858 5 1 0 
2935219263 2935219258 29 1 0 
1400920548 1400920562 63 1 0 
2083102686 2083102682 9 1 0 
2093824406 2093824402 14 1 0 
266771549 2526908537 5 1 0 
1319470645 249782043 109 1 0 
