A x ontot-szerez y-tσl mαtrix

0, 1, 1, 0, 2, 2, 2, 2, 1, 2, 1, 
1, 0, 1, 2, 2, 1, 2, 2, 2, 1, 2, 
1, 1, 0, 0, 2, 2, 1, 1, 1, 1, 1, 
2, 1, 2, 0, 1, 2, 2, 2, 1, 2, 1, 
0, 1, 1, 1, 0, 0, 0, 0, 0, 1, 1, 
0, 1, 2, 0, 2, 0, 1, 2, 2, 1, 0, 
1, 2, 2, 0, 2, 2, 0, 1, 1, 2, 1, 
1, 1, 1, 0, 2, 0, 2, 0, 1, 2, 2, 
1, 0, 2, 2, 2, 2, 1, 1, 2, 1, 1, 
1, 1, 2, 1, 1, 1, 1, 0, 1, 1, 1, 
2, 2, 1, 1, 2, 2, 2, 0, 2, 0, 1, 
Sor ιs oszlop φsszegekkel

0, 1, 1, 0, 2, 2, 2, 2, 1, 2, 1,   14
1, 0, 1, 2, 2, 1, 2, 2, 2, 1, 2,   16
1, 1, 0, 0, 2, 2, 1, 1, 1, 1, 1,   11
2, 1, 2, 0, 1, 2, 2, 2, 1, 2, 1,   16
0, 1, 1, 1, 0, 0, 0, 0, 0, 1, 1,   5
0, 1, 2, 0, 2, 0, 1, 2, 2, 1, 0,   11
1, 2, 2, 0, 2, 2, 0, 1, 1, 2, 1,   14
1, 1, 1, 0, 2, 0, 2, 0, 1, 2, 2,   12
1, 0, 2, 2, 2, 2, 1, 1, 2, 1, 1,   15
1, 1, 2, 1, 1, 1, 1, 0, 1, 1, 1,   11
2, 2, 1, 1, 2, 2, 2, 0, 2, 0, 1,   15

10 11 15 7 18 14 14 11 14 14 12 
A "link" mαtrix

{0.0, 0.09090909090909091, 0.06666666666666667, 0.0, 0.1111111111111111, 0.14285714285714285, 0.14285714285714285, 0.18181818181818182, 0.07142857142857142, 0.14285714285714285, 0.08333333333333333, },
{0.1, 0.0, 0.06666666666666667, 0.2857142857142857, 0.1111111111111111, 0.07142857142857142, 0.14285714285714285, 0.18181818181818182, 0.14285714285714285, 0.07142857142857142, 0.16666666666666666, },
{0.1, 0.09090909090909091, 0.0, 0.0, 0.1111111111111111, 0.14285714285714285, 0.07142857142857142, 0.09090909090909091, 0.07142857142857142, 0.07142857142857142, 0.08333333333333333, },
{0.2, 0.09090909090909091, 0.13333333333333333, 0.0, 0.05555555555555555, 0.14285714285714285, 0.14285714285714285, 0.18181818181818182, 0.07142857142857142, 0.14285714285714285, 0.08333333333333333, },
{0.0, 0.09090909090909091, 0.06666666666666667, 0.14285714285714285, 0.0, 0.0, 0.0, 0.0, 0.0, 0.07142857142857142, 0.08333333333333333, },
{0.0, 0.09090909090909091, 0.13333333333333333, 0.0, 0.1111111111111111, 0.0, 0.07142857142857142, 0.18181818181818182, 0.14285714285714285, 0.07142857142857142, 0.0, },
{0.1, 0.18181818181818182, 0.13333333333333333, 0.0, 0.1111111111111111, 0.14285714285714285, 0.0, 0.09090909090909091, 0.07142857142857142, 0.14285714285714285, 0.08333333333333333, },
{0.1, 0.09090909090909091, 0.06666666666666667, 0.0, 0.1111111111111111, 0.0, 0.14285714285714285, 0.0, 0.07142857142857142, 0.14285714285714285, 0.16666666666666666, },
{0.1, 0.0, 0.13333333333333333, 0.2857142857142857, 0.1111111111111111, 0.14285714285714285, 0.07142857142857142, 0.09090909090909091, 0.14285714285714285, 0.07142857142857142, 0.08333333333333333, },
{0.1, 0.09090909090909091, 0.13333333333333333, 0.14285714285714285, 0.05555555555555555, 0.07142857142857142, 0.07142857142857142, 0.0, 0.07142857142857142, 0.07142857142857142, 0.08333333333333333, },
{0.2, 0.18181818181818182, 0.06666666666666667, 0.14285714285714285, 0.1111111111111111, 0.14285714285714285, 0.14285714285714285, 0.0, 0.14285714285714285, 0.0, 0.08333333333333333, },